50000 & 10000
DT: 3.697993040084839 seconds, 0.09399914741516113 seconds, 22.99%
RF: 304.41560673713684 seconds, 0.6479969024658203 seconds, 46.589999999999996%
GB: 915.2342720031738 seconds, 1.1110029220581055 seconds, 51.080000000000005%


10000 & 10000
DT: 0.5849981307983398 seconds, 0.05900120735168457 seconds, 23.49%
RF: 56.25803828239441 seconds, 0.5770399570465088 seconds, 42.29%
GB: 197.07394528388977 seconds, 1.0940001010894775 seconds, 46.57%


1000 & 10000
DT: 0.08496832847595215 seconds, 0.08700704574584961 seconds, 19.91%
RF: 4.707991123199463 seconds, 0.3540003299713135 seconds, 34.38%
GB: 27.247034311294556 seconds, 1.0569648742675781 seconds, 36.49%

100 & 10000
DT: 0.007999897003173828 seconds, 0.08499956130981445 seconds, 14.13%
RF: 0.3529982566833496 seconds, 0.2030031681060791 seconds, 19.650000000000002%
GB: 2.2960026264190674 seconds, 0.8519983291625977 seconds, 20.86%